-8.446900925731553045e-01 -1.007531064632504636e+00
-8.419463477176789556e-01 -1.002195864093347710e+00
-8.210514608395957925e-01 -1.004518567923210925e+00
-7.997003659444190671e-01 -1.004863649192871966e+00
-7.780394319573905593e-01 -1.003193637199040644e+00
-7.368392672236583341e-01 -1.004428871035994764e+00
-6.951826897612767286e-01 -1.001654026006715492e+00
-6.138178335017462350e-01 -1.000808965041024123e+00
-4.325978340554272883e-01 -1.001913376656350163e+00
6.872526560286473796e-02 -1.000978752656094262e+00
1.010000000000001119e+00 -9.499999999999999556e-01
1.007550510374132235e+00 -8.520408282294655855e-01
5.823064145281591220e-01 -7.962565383638858796e-01
4.738303522279007085e-01 -7.348090892380152450e-01
4.220932089777385543e-01 -6.718629368869168950e-01
4.064773903949019385e-01 -6.036344570436693591e-01
-1.284106193519782002e-01 -6.958526222712499987e-01
-2.548641924929391234e-01 -6.962556224829669071e-01
-2.868360843179220687e-01 -6.696187935377715394e-01
-2.836691442590197343e-01 -6.281255047576888018e-01
-2.830372529633171652e-01 -5.856365906608078653e-01
-2.850308727935855213e-01 -5.423039614340873227e-01
8.822450650994854149e-01 3.035062909369766193e-01
8.013843568079241919e-01 3.814100926192875995e-01
8.091370307543226392e-01 5.317006806466900715e-01
1.010926168581838480e+00 8.767918768625356796e-01
9.450422494242928240e-01 1.001208567246703263e+00
7.659561793009564967e-01 1.003329053364759860e+00
-2.413646361714425481e-01 -5.700732302466825219e-02
-3.334159251682818348e-01 -8.777956492326438598e-02
-3.988916480144971688e-01 -9.169959549594597359e-02
-4.524289521082738297e-01 -8.257677440598372443e-02
-5.054758010029357651e-01 -7.661678713979303001e-02
-5.496823079335243500e-01 -5.549133854469003729e-02
-5.948894006128613299e-01 -3.660169575211696946e-02
-6.346776376047293944e-01 -1.015380644413761690e-03
-6.771511948029176331e-01 3.282934912553577694e-02
-7.222330454232352981e-01 6.475229213972456821e-02
-7.630361428097356402e-01 1.339947029873054252e-01
-7.981665105971208485e-01 3.008183687073610613e-01
-8.113550847313015790e-01 1.005090173743945714e+00
-9.092421375059347444e-01 1.009576177811138065e+00
-1.000223178358214504e+00 7.692665972313884604e-01
-1.000637368836309049e+00 -3.120063817894915825e-01
-1.001537797718208500e+00 -5.533340758190121722e-01
-1.003473816694846699e+00 -6.548042159378183458e-01
-1.004528502726340422e+00 -7.162765685892333867e-01
-1.005118049364902788e+00 -7.577449594049403547e-01
-1.001726330698160750e+00 -7.985919859700139067e-01
-1.001825316389179932e+00 -8.199456398994583450e-01
-1.008260557116599898e+00 -8.226983602444042365e-01
-1.005328722965205479e+00 -8.435165157639947786e-01
-1.007531064632504636e+00 8.446900925731553045e-01
-1.002195864093347710e+00 8.419463477176789556e-01
-1.004518567923211148e+00 8.210514608395957925e-01
-1.004863649192871966e+00 7.997003659444190671e-01
-1.003193637199041532e+00 7.780394319573905593e-01
-1.004428871035994764e+00 7.368392672236583341e-01
-1.001654026006716824e+00 6.951826897612767286e-01
-1.000808965041024123e+00 6.138178335017462350e-01
-1.001913376656350163e+00 4.325978340554272883e-01
-1.000978752656094262e+00 -6.872526560286472408e-02
-9.499999999999999556e-01 -1.010000000000001119e+00
-8.520408282294764657e-01 -1.007550510374132235e+00
-7.543265033722184043e-01 -1.000208163944929618e+00
-6.541124977022819698e-01 -1.007766734313362722e+00
-5.526613384098812976e-01 -1.010133155682485739e+00
-7.966095452621964057e-01 3.492742985394003963e-01
-7.785982801364244033e-01 3.959048363071474563e-01
-7.648351839740569202e-01 4.427387350624144569e-01
-7.475024619995045416e-01 4.710482831184987784e-01
-7.325172329443870867e-01 4.997764488236597358e-01
-7.198757414699838986e-01 5.287603702926213511e-01
-6.991101301132844892e-01 5.407882294114372268e-01
-6.902644622382848594e-01 5.703456171415480780e-01
-6.716142533614235521e-01 5.838014526674334403e-01
-6.536598638706644371e-01 5.981725938491334604e-01
-6.364461703892687616e-01 6.134231203180402492e-01
-6.200161981862216676e-01 6.295149137003032136e-01
-5.893854055326597230e-01 6.332080899752072778e-01
-5.740030833788096754e-01 6.516272152300783826e-01
-5.432922476053139160e-01 6.591584552680570530e-01
-5.124350878998940040e-01 6.690428009485642757e-01
-4.815914581792313243e-01 6.813116341384648500e-01
-4.509238783655989402e-01 6.959861720016744524e-01
-3.840863570384780434e-01 6.967377866518180696e-01
1.007282080531169965e+00 1.890487155989748203e-01
8.151113920013880465e-01 3.635004059447876079e-01
8.036758974592871363e-01 4.631521319032355088e-01
8.063020440879838935e-01 5.557879632325126718e-01
1.001190465377147509e+00 6.134650570575131967e-01
1.015571722254422049e+00 7.114045166525965191e-01
1.005090173743944160e+00 8.113550847312906988e-01
1.009576177811138065e+00 9.092421375059238642e-01
7.692665972313884604e-01 1.000223178358204956e+00
-3.120063817894915825e-01 1.000637368836305496e+00
-5.533340758190121722e-01 1.001537797718206280e+00
-6.548042159378183458e-01 1.003473816694845144e+00
-7.162765685892320544e-01 1.004528502726339090e+00
-7.577449594049392445e-01 1.005118049364900568e+00
-7.985919859700130186e-01 1.001726330698158973e+00
-8.199456398994575679e-01 1.001825316389179044e+00
-8.226983602444042365e-01 1.008260557116598566e+00
-8.435165157639941125e-01 1.005328722965204813e+00
8.446900925731553045e-01 1.007531064632504636e+00
8.419463477176789556e-01 1.002195864093347710e+00
8.210514608395957925e-01 1.004518567923211148e+00
7.997003659444190671e-01 1.004863649192871966e+00
7.780394319573905593e-01 1.003193637199041532e+00
7.368392672236583341e-01 1.004428871035994764e+00
6.951826897612767286e-01 1.001654026006716824e+00
6.138178335017462350e-01 1.000808965041024123e+00
4.325978340554272883e-01 1.001913376656350163e+00
-6.872526560286472408e-02 1.000978752656094262e+00
-1.010000000000001119e+00 9.499999999999999556e-01
-1.007550510374132235e+00 8.520408282294764657e-01
-1.000208163944929618e+00 7.543265033722184043e-01
-1.007766734313362722e+00 6.541124977022819698e-01
-3.240865511936155130e-01 6.917298699664228279e-01
-2.126949060527739688e-01 6.531152488945737300e-01
-1.581903273857045988e-01 6.071965602728488509e-01
-1.020974383890660975e-01 5.659544556498958823e-01
-8.158831328323319643e-02 5.138514566143175255e-01
-4.049181258794706806e-02 4.715379124776516440e-01
-3.289246931721846734e-02 4.130433967632958225e-01
-2.187795514783812123e-02 3.541365590190507229e-01
-7.389313295228228801e-03 2.950147308617618869e-01
-2.122223422985050623e-02 2.116725850020364508e-01
-5.959168721552945275e-02 9.963265284625308360e-02
-1.010926168581849360e+00 -8.767918768625246884e-01
-9.450422494242970428e-01 -1.001208567246690162e+00
-7.659561793009613817e-01 -1.003329053364755863e+00
-2.061945409834451126e-01 -5.069880519071126024e-01
-1.086632228242745690e-01 -5.304162187166563402e-01
-1.089925195015643833e-01 -6.992831302234729929e-01
-1.745105682353137178e-01 -1.010376489842473635e+00
-4.791146713627971593e-02 -1.010656192135149345e+00
7.583687650789056045e-02 -1.003314832157510939e+00
8.123040532988624607e-01 5.958251473324550629e-01
8.301775022897950329e-01 5.893858446448771993e-01
8.483504451226534515e-01 5.838478895414676018e-01
8.711575926465024988e-01 5.987395911824031636e-01
8.888118285559114540e-01 5.952380972041551033e-01
8.993888368657022570e-01 5.330605437642136346e-01
8.113550847312906988e-01 -1.005090173743944160e+00
9.092421375059238642e-01 -1.009576177811138065e+00
1.000223178358204956e+00 -7.692665972313884604e-01
1.000637368836305496e+00 3.120063817894915825e-01
1.001537797718206280e+00 5.533340758190121722e-01
1.003473816694845144e+00 6.548042159378183458e-01
1.004528502726339090e+00 7.162765685892320544e-01
1.005118049364900568e+00 7.577449594049392445e-01
1.001726330698158973e+00 7.985919859700130186e-01
1.001825316389179044e+00 8.199456398994575679e-01
1.008260557116598566e+00 8.226983602444042365e-01
1.005328722965204813e+00 8.435165157639941125e-01
1.007531064632504636e+00 -8.446900925731553045e-01
1.002195864093347710e+00 -8.419463477176789556e-01
1.004518567923210925e+00 -8.210514608395957925e-01
1.004863649192871966e+00 -7.997003659444190671e-01
1.003193637199040644e+00 -7.780394319573905593e-01
1.004428871035994764e+00 -7.368392672236583341e-01
1.001654026006715492e+00 -6.951826897612767286e-01
1.000808965041024123e+00 -6.138178335017462350e-01
1.001913376656350163e+00 -4.325978340554272883e-01
1.000978752656088711e+00 6.872526560286473796e-02
9.499999999999999556e-01 1.010000000000001119e+00
8.870262467189421463e-01 3.084253280976565481e-01
8.242098950249975298e-01 3.037052482503118100e-01
6.541124977022709786e-01 1.007766734313362278e+00
5.526613384098812976e-01 1.010133155682484185e+00
4.502440023058651986e-01 1.007203091855501054e+00
3.412283742776354711e-01 1.017993167598749693e+00
2.367725604926617100e-01 1.003895242722549153e+00
7.942326630765397244e-01 -5.815756023988452039e-01
7.934124077199566916e-01 -6.258390431530369558e-01
7.869953168745700278e-01 -6.516219289572734441e-01
7.827400867421896447e-01 -6.771921529409581364e-01
7.693144085135876775e-01 -6.858926032289029973e-01
7.563403501644667681e-01 -6.952531844643015102e-01
7.567346938286925173e-01 -7.205473438146539067e-01
7.455083719929996855e-01 -7.304933393378539863e-01
7.347931727301428850e-01 -7.409879871958499065e-01
7.246158784579123102e-01 -7.520050562345061973e-01
7.150019271117543651e-01 -7.635170095188006378e-01
6.897070384674008903e-01 -7.638614113715582743e-01
6.807292848614732161e-01 -7.771032621221951597e-01
6.550761032980344512e-01 -7.808258437168130728e-01
6.291653503778831258e-01 -7.867053962867927019e-01
6.031497027010026546e-01 -7.947747724640196187e-01
5.399028021744192163e-01 -7.905625880302642461e-01
-1.128627736782567559e-01 -5.968389541173031443e-01
-1.099140039589138335e-01 -6.557512885129564983e-01
-1.818390950789244009e-01 -6.959522429720701453e-01
-1.001190465377149508e+00 -6.134650570575241879e-01
-1.015571722254424047e+00 -7.114045166526185016e-01
-1.005090173743945714e+00 -8.113550847313015790e-01
-1.009576177811138065e+00 -9.092421375059456246e-01
-7.692665972313871281e-01 -1.000223178358224052e+00
3.120063817894915825e-01 -1.000637368836312602e+00
5.533340758190121722e-01 -1.001537797718210721e+00
6.548042159378183458e-01 -1.003473816694848253e+00
7.162765685892333867e-01 -1.004528502726341754e+00
7.577449594049403547e-01 -1.005118049364902788e+00
7.985919859700139067e-01 -1.001726330698160750e+00
8.199456398994583450e-01 -1.001825316389180598e+00
8.226983602444050137e-01 -1.008260557116600120e+00
8.435165157639947786e-01 -1.005328722965205479e+00
1.000000000000000444e+00 0.000000000000000000e+00
1.019100187484374809e+00 3.598500187488842122e-02
1.016402999000177942e+00 7.188005998571622701e-02
1.011915176113949766e+00 1.075954553809913977e-01
1.005647936045694468e+00 1.430419181724441324e-01
1.016995192065876408e+00 1.830789298483471161e-01
1.006949001952949008e+00 2.186849529293914685e-01
1.013923261764008599e+00 2.606023336661430490e-01
1.000006355442193406e+00 2.959579401545743838e-01
1.002348739835087210e+00 3.392731166067596837e-01
8.616528396098381837e-01 3.068323447066899079e-01
8.115147132357034554e-01 3.136123373583954987e-01
8.117080812440004012e-01 3.500783335049220124e-01
8.094936310713961580e-01 3.873192996710651537e-01
8.047958436077620181e-01 4.251836735768763087e-01
8.121822082116739727e-01 4.771471320163339636e-01
8.016288307299600513e-01 5.164963854476565253e-01
8.015871908725875628e-01 5.709731079066221460e-01
1.008635363828557452e+00 8.929926769753318005e-01
1.009653369145939728e+00 9.923669158430352688e-01
9.483627670417679179e-01 1.009765181769475495e+00
8.771824155544023505e-01 1.006210941689059002e+00
8.170995784251575689e-01 1.015976390470036517e+00
7.493361849725732604e-01 1.004040334286572467e+00
6.913463748348058768e-01 1.006602212844605715e+00
6.342417041389850629e-01 1.005923696516921373e+00
5.781987817695704024e-01 1.002100512833879353e+00
5.277669545767621484e-01 1.014752292139724510e+00
4.733664857582450813e-01 1.005158724588228525e+00
4.229128247547144781e-01 1.012567250858339651e+00
3.721519457010573073e-01 1.017444886336134946e+00
3.212107243591535433e-01 1.019779439473143201e+00
2.702164872526867101e-01 1.019565075102334184e+00
2.192966934171318161e-01 1.016802329022997498e+00
1.685786158185644812e-01 1.011498106661518515e+00
1.181890232375182315e-01 1.003665665811416252e+00
6.370982151918935799e-02 1.012801536113322243e+00
7.874338366016180729e-03 1.018951715153817217e+00
-4.268694087531393899e-02 1.003078092948658684e+00
-9.979529785939009190e-02 1.003276492204178361e+00
-1.577615202018566032e-01 1.000227169508250746e+00
-2.256228681694527893e-01 1.011593100242048626e+00
-2.856214813358344262e-01 1.001322865312694654e+00
-3.568291985763253349e-01 1.004278548958196460e+00
-4.133064800810058725e-02 4.689279142153620628e-01
-1.408681136136942340e-02 3.890365984439606573e-01
-6.486969788719137292e-03 3.430243976012912199e-01
-9.193753780363623368e-03 3.130482752279714620e-01
-9.705360527323236841e-03 2.836945358314831855e-01
-8.092501618922921802e-03 2.551058808538014810e-01
-2.045744621877358671e-02 2.393888576415825753e-01
-1.542034338938465948e-02 2.119198126087382950e-01
-2.561772628020009268e-02 1.958905212921563666e-01
-3.500123443374870968e-02 1.793716056901552280e-01
-4.354741396648321994e-02 1.624043544888553181e-01
-5.123490388033609400e-02 1.450311769798860451e-01
-5.804448945409008964e-02 1.272954970592437285e-01
-6.395915027017430587e-02 1.092416446901668670e-01
-6.896410275684448921e-02 9.091474510131319908e-02
-7.304683713941254042e-02 7.236060599719028319e-02
-9.599699864017807727e-02 5.644800322394686459e-02
-1.182394963064057058e-01 3.841514973762345103e-02
-1.196367631147774169e-01 1.746387822198201129e-02
-1.399844497273904087e-01 -3.699188841545587077e-03
-1.791814923814814831e-01 -2.801958884523845367e-02
-2.368300250834949883e-01 -5.842537264625852905e-02
-1.003473296279702387e+00 -2.082243162690884664e-01
-1.011004649299792391e+00 -2.772486420423557751e-01
-1.014845541908066195e+00 -3.475358987564914903e-01
-1.014889136140139980e+00 -4.188872875376326577e-01
-1.011039362207115877e+00 -4.910965187654672270e-01
-1.003211398472112936e+00 -5.639503975460633534e-01
-1.009267287847855243e+00 -6.460798472104847257e-01
-1.010281346525907065e+00 -7.301799729835500852e-01
-1.006074048834028511e+00 -8.159476569990782302e-01
-1.012894971743298234e+00 -9.144981099877489417e-01
-9.971870475396420463e-01 -1.003446941146058702e+00
-2.923312661272564061e-01 -5.074876069108301690e-01
-2.371899051081035326e-01 -5.089469577961411861e-01
-1.834557675923551845e-01 -5.062316868605586384e-01
-1.444776621872560507e-01 -5.146256968093915196e-01
-1.059015685068790957e-01 -5.204266679212885549e-01
-1.023767625732880243e-01 -5.727939777450874459e-01
-1.052386545882371405e-01 -6.429476128173399196e-01
-2.687025527552111548e-01 -1.011027895999763837e+00
-1.996179887034482681e-01 -1.002388081216012861e+00
-1.408790892879729362e-01 -1.007782530424399026e+00
-8.286979025198144833e-02 -1.009856783763124710e+00
-2.577284217712431241e-02 -1.008698198322887984e+00
3.023595709878902291e-02 -1.004403983045464743e+00
8.077236859198916319e-02 -1.016631322371701396e+00
1.350902593192400136e-01 -1.006580735673302529e+00
1.856044225262455105e-01 -1.013564823706132989e+00
2.364045151008688506e-01 -1.018015527534056330e+00
2.873635632678527285e-01 -1.019921722715382506e+00
3.383541959457372905e-01 -1.019278644754884500e+00
3.892489631082352020e-01 -1.016087901012557859e+00
4.399206543429267091e-01 -1.010357466686047534e+00
4.081771742650938672e-01 -5.698225153221129213e-01
4.271059791954041063e-01 -5.248276574769827896e-01
4.418310927316132508e-01 -4.794621373315693935e-01
4.656169601183768325e-01 -4.717743343179533477e-01
4.814293165022311416e-01 -4.443910475173115660e-01
5.034128724861253179e-01 -4.347679879049782814e-01
5.248880022241805277e-01 -4.240582347456735568e-01
5.458010290760838545e-01 -4.122885568447641758e-01
5.771871680895810375e-01 -4.161337211119501833e-01
5.976387739943029853e-01 -4.017600779260776522e-01
6.427341530090225907e-01 -4.172928232802332049e-01
6.900626453041102115e-01 -4.292448400835591205e-01
1.008669774291259591e+00 -7.055403255703919241e-01
1.013324583327753992e+00 -6.424702629852104829e-01
1.013520608229429021e+00 -5.807653068425352449e-01
1.009409188632951038e+00 -5.207097109552877301e-01
1.001158739264893516e+00 -4.625758557820152661e-01
1.006177782072447568e+00 -4.167888435493915522e-01
1.008415613553055090e+00 -3.716817435310050821e-01
1.007953957696762437e+00 -3.274159339150897186e-01
1.004883607365465892e+00 -2.841462652709793590e-01
1.018204080694013580e+00 -2.485616593010026576e-01
1.010526012121269801e+00 -2.067674686672052176e-01
1.000513400373766792e+00 -1.663760075755617851e-01
1.007953275678661775e+00 -1.311570030759084404e-01
1.013623636489297208e+00 -9.561017437381209849e-02
1.017510309856716422e+00 -5.982437002859743863e-02
1.019603581121640623e+00 -2.388903591424090811e-02
-6.599999999999998090e-01 0.000000000000000000e+00
-6.602999375052084341e-01 1.199500062496280245e-02
-6.810990836388347569e-01 2.196335166230219821e-02
-6.824703628540711442e-01 3.287638914419183794e-02
-6.843853528749265225e-01 4.370725277491348260e-02
-7.062175156578712754e-01 4.948079185090458604e-02
-7.089327021748784707e-01 5.910404133226791756e-02
-7.121254574305239116e-01 6.857956149109027677e-02
-7.157878011994226464e-01 7.788366846173010172e-02
-7.199105795294650223e-01 8.699310682224603575e-02
-7.244834876219256037e-01 9.588510772084059275e-02
-7.294950955880988852e-01 1.045374457861318468e-01
-7.349328770180644232e-01 1.129284946790071048e-01
-7.407832402901884938e-01 1.210372811472079368e-01
-7.470315625431026563e-01 1.288435374475382644e-01
-7.536622262252360427e-01 1.363277520046668467e-01
-7.606586581305666561e-01 1.434712181799045472e-01
-7.680033708230030731e-01 1.502560810280585413e-01
-7.632458069804538559e-01 1.723319201180463778e-01
-7.720297203179451451e-01 1.789514110536621905e-01
-7.811334927090092251e-01 1.851236166577372166e-01
-7.805829485059857520e-01 2.081815741425639965e-01
-7.820650084293503390e-01 2.317139136159732382e-01
-7.937932653701187391e-01 2.373186244677354395e-01
-7.912926736569984021e-01 2.796117257901679087e-01
-7.990968440335134426e-01 3.036750781937875843e-01
-6.218012182304316626e-01 1.002100512833879353e+00
-6.722330454232353647e-01 1.014752292139724510e+00
-7.266335142417549298e-01 1.005158724588228525e+00
-7.770871752452883641e-01 1.012567250858339651e+00
-8.278480542989427038e-01 1.017444886336134946e+00
-8.787892756408436368e-01 1.019779439473143201e+00
-9.297835127473133010e-01 1.019565075102334184e+00
-9.807033065828676399e-01 1.016802329022997498e+00
-1.000498705550511014e+00 7.734985521529258445e-01
-1.003382712276706945e+00 5.707118491868833354e-01
-1.004512963558819250e+00 4.479699102039695902e-01
-1.004724293793315404e+00 3.652845771306140188e-01
-1.003452661396321499e+00 3.028160280599726528e-01
-1.003650632778360086e+00 2.601087202010833321e-01
-1.008198177502257264e+00 2.364173309746773199e-01
-1.001435992102876815e+00 1.952197210993425469e-01
-1.000969220919971869e+00 1.726418733297747365e-01
-1.009471533096053975e+00 1.673797581596995487e-01
-1.005930201105962318e+00 1.455293526875262589e-01
-1.000507779635638306e+00 1.244917115020674064e-01
-1.006604163404772212e+00 1.193128339482752015e-01
-1.012434092283768683e+00 1.138357364465350935e-01
-1.003235120175774320e+00 9.456484527716109423e-02
-1.007832375566623417e+00 8.928705829883051837e-02
-1.012160106176570817e+00 8.378610017455390135e-02
-1.016207494932930944e+00 7.807572043479833745e-02
-1.002826650404273545e+00 6.186016461857569287e-02
-1.005789863505394566e+00 5.664366495478587865e-02
-1.008488657042047265e+00 5.128558562805957816e-02
-1.010916285435895734e+00 4.579931904627979750e-02
-1.013066680880239101e+00 4.019857801870856118e-02
-1.014934468506371035e+00 3.449736148110532641e-02
-1.016514979817950692e+00 2.870991950567784029e-02
-1.017804264359814415e+00 2.285071768332324824e-02
-1.018799099592053503e+00 1.693440096718406424e-02
-1.019496998944687371e+00 1.097575706789241309e-02
-1.019896218032793511e+00 4.989679491994860119e-03
-1.019995759016561143e+00 -1.008869684057887286e-03
-1.019795373095370605e+00 -7.004897211309609947e-03
-1.019295561129665462e+00 -1.298341614361300626e-02
-1.018497572389063910e+00 -1.892948329718983913e-02
-1.017403401429832099e+00 -2.482823660080796940e-02
-1.016015783109535331e+00 -3.066493224321980085e-02
-1.014338185751316512e+00 -3.642498152501152248e-02
-1.012374802474895752e+00 -4.209398732275438509e-02
-1.010130540715953318e+00 -4.765778007431521746e-02
-1.007611009960097670e+00 -5.310245319538230147e-02
-1.004822507722072489e+00 -5.841439783868397628e-02
-1.001772003805248890e+00 -6.358033690901920831e-02
-1.014878310027538699e+00 -8.001858462392813509e-02
-1.010735479668018133e+00 -8.566010473198069908e-02
-1.006315868279250791e+00 -9.108751918912343093e-02
-1.001630522588019545e+00 -9.628726228575638924e-02
-1.010504175449681297e+00 -1.157100998538419384e-01
-1.004582979338178195e+00 -1.210883992492685218e-01
-1.010700427774603449e+00 -1.419345457967150781e-01
-1.003468310375988715e+00 -1.472898799915939583e-01
-1.006641751207431268e+00 -1.691967402150892918e-01
-1.007857380694953786e+00 -1.917466699309893774e-01
-1.007060997579310335e+00 -2.147974459748599740e-01
-1.004207784740793308e+00 -2.382031435548583043e-01
-1.006352719514439276e+00 -2.805157732675348514e-01
-1.004493175792663395e+00 -3.235447051224354942e-01
-1.003755401115850487e+00 -3.863092242482556449e-01
-1.001181983726774360e+00 -4.692144564792463113e-01
-1.000239254139284384e+00 -6.118431922720068972e-01
-1.000937274241549879e+00 -8.943219032701174021e-01
-9.635954848991311605e-01 -1.018015527534056330e+00
-9.126364367321501136e-01 -1.019921722715382506e+00
-8.616458040542627206e-01 -1.019278644754884500e+00
-8.107510368917619781e-01 -1.016087901012557859e+00
-7.600793456570761331e-01 -1.010357466686047534e+00
-7.097573831889728568e-01 -1.002101664876820175e+00
-6.552032993273698702e-01 -1.010779192177892583e+00
-5.993180834089828490e-01 -1.016459731142925982e+00
-5.488920445490381717e-01 -1.000161588754061359e+00
-4.842244830157202973e-01 -1.018396150560504587e+00
-4.253699641990410507e-01 -1.014458638444948324e+00
-3.658909947175693067e-01 -1.007138307520973219e+00
-2.957391368546270494e-01 -1.013542702243379612e+00
-2.236633098614210780e-01 -1.015366279513157943e+00
-1.499502895343571840e-01 -1.012435396373715601e+00
-7.489926127457574578e-02 -1.004593833822783999e+00
-2.947303779763807974e-01 -6.660695794400057768e-01
-2.905439941095168122e-01 -6.067646799905370703e-01
-2.907019184075433360e-01 -5.487766829665340351e-01
-2.795472971918006588e-01 -5.050133102978570099e-01
-2.067137474723435564e-01 -5.088753993426675670e-01
-1.320642379479736173e-01 -5.066306991898262835e-01
8.051609859798123381e-01 -1.006392573448530170e+00
4.282792754119784107e-01 -6.969032691206356045e-01
4.069919219017150147e-01 -6.044601856893957459e-01
4.170193716565299136e-01 -5.309048640589351109e-01
4.608077318412885370e-01 -4.709589334124258397e-01
5.402554299755483180e-01 -4.191232472983890123e-01
1.006953145461920274e+00 -4.529124650668071017e-01
-5.656887309295207666e-01 -6.193525145251228131e-02
-6.026568181294598148e-01 -3.983757265575500750e-02
-6.209682128334991225e-01 -2.326503278889900314e-02
-6.401431512616295727e-01 -8.626596302364772373e-03
1.000000000000000444e+00 9.000000000000000222e-01
1.018350343721354578e+00 9.659725034372986796e-01
7.149042485835860328e-01 1.001830084979763891e+00
3.723643329965087845e-01 1.001617930082048247e+00
2.096346204774456601e-01 1.003308052013430984e+00
1.069432171184708513e-01 1.003909662886899312e+00
2.481440630270608655e-02 1.000476870264854767e+00
-1.818818614578629825e-02 1.002869342236635042e+00
-6.052414155924982359e-02 1.001248769000249172e+00
-8.389269543535755880e-02 1.004391728186695421e+00
-1.069318363841181008e-01 1.005473618492925159e+00
-1.294950955880988519e-01 1.004537445786131578e+00
-1.514395893162579498e-01 1.001635645211105929e+00
-1.567049162611699464e-01 1.008933553032487440e+00
-1.776252500344817908e-01 1.003074829958030545e+00
-1.829297809801886665e-01 1.009062201603733389e+00
-2.024610606913967437e-01 1.000429852725933211e+00
-2.076023595761025131e-01 1.005179256719640923e+00
-2.129746044421069739e-01 1.009665767347847964e+00
-2.185643674750563648e-01 1.013878170670512224e+00
-2.351637232958231905e-01 1.000976518176947661e+00
-2.402914742529928260e-01 1.004090787071282076e+00
-2.455684654289305990e-01 1.006944883207372188e+00
-2.509815070939012682e-01 1.009531672831262439e+00
-2.565170694627993409e-01 1.011844690316067386e+00
-2.621613165125678546e-01 1.013878154322670255e+00
-2.679001405650494605e-01 1.015626982250062982e+00
-2.737191975488351692e-01 1.017086802939199064e+00
-2.796039428519711545e-01 1.018253967598615084e+00
-2.855396676759159313e-01 1.019125558924510511e+00
-2.915115357998755985e-01 1.019699398392486467e+00
-2.975046206636289825e-01 1.019974051702722706e+00
-3.035039426761544923e-01 1.019948832364980573e+00
-3.094945066568079439e-01 1.019623803414470231e+00
-3.154613393154628853e-01 1.018999777254296246e+00
-3.213895266779390192e-01 1.018078313624872555e+00
-3.272642513631705552e-01 1.016861715705383418e+00
-3.330708296189416884e-01 1.015353024357035894e+00
-3.387947480236205289e-01 1.013556010522489670e+00
-3.444216997621545873e-01 1.011475165800464371e+00
-3.499376203856571776e-01 1.009115691219081956e+00
-3.553287229652055124e-01 1.006483484236005088e+00
-3.605815325519828307e-01 1.003585123997865036e+00
-3.656829198576326267e-01 1.000427854895819646e+00
-3.823901564157485278e-01 1.013189496534742773e+00
-3.879443071811833899e-01 1.008930247564309379e+00
-3.932786429791753635e-01 1.004398729704741200e+00
-4.124340922837685386e-01 1.013835736446534908e+00
-4.179829944865993130e-01 1.008074108888184162e+00
-4.232370006475691393e-01 1.002042352341520504e+00
-4.442058507984481541e-01 1.007724985938712070e+00
-4.494096363423401019e-01 1.000383069130454938e+00
-4.713777506737895640e-01 1.003100274364292943e+00
-4.939480830932229116e-01 1.003846719083773875e+00
-5.169773140840948633e-01 1.002571171256119165e+00
-5.588046660170897795e-01 1.006865077774652395e+00
-5.826667022005974639e-01 1.000496445046772154e+00
-6.448034055191127489e-01 1.003492084443316390e+00
-7.078024293628275565e-01 1.000484718269871953e+00
-8.301191896191648656e-01 1.002828229574954655e+00
-1.012794597552320264e+00 1.001606405803106004e+00
-1.016981993668123474e+00 9.658545424073540220e-01
-1.019377308196760312e+00 9.299380769519675072e-01
-1.019974554099366104e+00 8.939467818956533529e-01
-1.018772238572223543e+00 8.579706167321418109e-01
-1.015773366777993347e+00 8.220995031383214746e-01
-1.010985434334383370e+00 7.864231002168625695e-01
-1.004420408578992951e+00 7.510305803951512482e-01
-1.015430662508800541e+00 7.108995845001462310e-01
-1.005085478799784937e+00 6.753792805957637979e-01
-1.011707082341006370e+00 6.334047469558875543e-01
-1.015848514653696411e+00 5.902244295169511989e-01
-1.017406733067318214e+00 5.459836453641179199e-01
-1.016287136100829214e+00 5.008349481023247618e-01
-1.012404026636742671e+00 4.549376416368675069e-01
-1.005681047312023235e+00 4.084572658815855406e-01
-1.011870940722973566e+00 3.493278981515532955e-01
-6.037596236550029083e-01 6.397499451739322440e-01
-5.468169834280471875e-01 6.661595058774494316e-01
-5.071953289681522259e-01 6.830435627740469862e-01
-4.830202138418112079e-01 6.880953013137799390e-01
-4.599006178966495439e-01 6.949834338491900354e-01
-4.494542260986496007e-01 6.872479511232538751e-01
-4.279701014489169508e-01 6.969639117418925389e-01
-4.176625971217677313e-01 6.908218146207383281e-01
-4.070609975793104129e-01 6.852025540251404090e-01
-3.881758178575943075e-01 6.984434939151205057e-01
-3.779919943105887747e-01 6.942884329371413754e-01
-3.676132313952521491e-01 6.906475437443060361e-01
-3.570654706137176837e-01 6.875299266634593565e-01
-3.463750758747715097e-01 6.849433741136783382e-01
-3.355687675978111795e-01 6.828943511292874247e-01
-3.246735559257115655e-01 6.813879792006383163e-01
-3.137166732135380776e-01 6.804280234730469834e-01
-3.027255059618356725e-01 6.800168833358979370e-01
-2.917275263646448846e-01 6.801555864254174022e-01
-2.807502236433218057e-01 6.808437860561147303e-01
-2.670774930957819371e-01 6.622688313679888639e-01
-2.552370313385818323e-01 6.642113729701596414e-01
-2.435084536909315478e-01 6.667432633435633749e-01
-2.262478317795610927e-01 6.506796885875845149e-01
-2.072545023337087622e-01 6.358063727819459610e-01
-1.941662320403651498e-01 6.407718889482355573e-01
-1.728669546961716930e-01 6.282700075593892208e-01
-1.407043317578718922e-01 5.996254170551488238e-01
-9.516580910326379039e-02 5.564262026293623764e-01
5.759114511630755162e-01 -4.149825587137621619e-01
6.762551787013144633e-01 -4.177730555975348037e-01
1.007467324441826406e+00 -6.918948443653346603e-01
1.004692296362023729e+00 -5.357499823484568324e-01
1.003952384695917965e+00 -3.981941990495209693e-01
1.007761736100882599e+00 -2.778621488062191225e-01
1.002950675897219091e+00 -1.605279516254979610e-01
1.005957824528840749e+00 -5.857924062223390793e-02
1.002151944349088719e+00 4.093055354768415643e-02
1.009012474085512423e+00 1.274158022011284419e-01
8.157545913460619857e-01 3.146012539386648932e-01
8.073126005000641481e-01 3.878878982353737292e-01
8.129741168928421580e-01 4.513480022037167361e-01
8.151063358143890714e-01 5.140753184537035780e-01
8.137975325144241046e-01 5.758780220892457669e-01
1.003733272917843200e+00 5.903557636788192564e-01
1.017579707513064369e+00 6.559022442753952298e-01
1.008310000230378645e+00 7.247146803146812255e-01
1.015435568070647054e+00 7.903219882809014996e-01
1.019273232056340239e+00 8.562034341572241081e-01
1.000000000000000444e+00 -9.000000000000000222e-01
1.018725265602864694e+00 -8.490212473439056051e-01
1.014904248583585522e+00 -7.981699150202361537e-01
1.008546499494762383e+00 -7.475731048769275189e-01
5.488372835910950709e-01 -7.887451747547667980e-01
5.038344592895350749e-01 -7.713499411876486578e-01
4.776682445628028240e-01 -7.522398966693314426e-01
4.696863564236892219e-01 -7.285510962722749895e-01
4.421092771213847028e-01 -7.130791956918477448e-01
4.322146091292850545e-01 -6.912165436266090035e-01
4.212396297073787155e-01 -6.698757414699813006e-01
4.092117705885627288e-01 -6.491101301132845558e-01
4.126678074548390529e-01 -6.176787633024836133e-01
4.139635752455089190e-01 -5.853030690172585926e-01
4.130147811336239427e-01 -5.521224488916466333e-01
4.243795439468159847e-01 -5.046495191864661667e-01
1.003257661459919792e+00 1.329927708953133891e-01
1.003174381745174815e+00 2.419462158132442697e-01
1.007008148598476538e+00 3.689895935965237239e-01
8.608909724065487712e-01 3.038549470882725978e-01
8.104534588022098696e-01 3.622064772118442910e-01
8.060650975845968791e-01 5.052256254623064269e-01
9.706956998507343393e-01 1.007183750531472022e+00
8.578236258567308870e-01 1.016804274547092879e+00
7.392098191324120160e-01 1.001359735373144044e+00
6.369511720384429809e-01 1.016948931098283992e+00
5.296476806766831080e-01 1.007845207126039977e+00
4.292531067023602764e-01 1.012417781340249956e+00
3.297362572264666558e-01 1.011772476177611235e+00
2.313653171853429502e-01 1.006008942792168792e+00
1.358154272019899411e-01 1.015190374279783425e+00
3.992606938193744154e-02 1.019584827243563918e+00
-3.095149363936611220e-02 1.595480192239944472e-01
-7.753847103059943735e-02 7.692772788484086854e-02
-1.211138246377933547e-01 3.216492182532094957e-02
-1.604214500845427549e-01 -1.441264781345626828e-02
-1.999378433299165703e-01 -4.301408482718896420e-02
-1.047242937933148821e-01 -5.347154228693867806e-01
-1.034526613963211439e-01 -5.971839719400279245e-01
-1.036506327783603548e-01 -6.398912797989168011e-01
-1.081981775022570480e-01 -6.635826690253222582e-01
-1.106574459304111718e-01 -6.870330315279896682e-01
-1.211630651039658085e-01 -6.928297520042697721e-01
-1.313658397152650814e-01 -6.991442902083609967e-01
-1.530102904863899216e-01 -6.897909350069061363e-01
-1.633251419079121414e-01 -6.977009688091397877e-01
-1.865572859583507770e-01 -6.912025405905176667e-01
-2.108139230320661139e-01 -6.865579941627473204e-01
-2.212181146623737327e-01 -6.973610458346549690e-01
-2.464740012951383286e-01 -6.959152953169592815e-01
-2.723888292859575344e-01 -6.965194710046548332e-01
-2.988192726846801706e-01 -6.992338617390901900e-01
-1.011128728975356772e+00 -2.917083812506724438e-01
-1.005003703301247553e+00 -3.618851829295352540e-01
-1.012560799059107897e+00 -4.213345341381101727e-01
-1.016732616495709784e+00 -4.801729087424373987e-01
-1.017600127922150932e+00 -5.382127978316203487e-01
-1.015254471806276815e+00 -5.952733069169015012e-01
-1.009796491755572845e+00 -6.511806976174600026e-01
-1.001336247058422613e+00 -7.057688996917523827e-01
-1.009792346532453866e+00 -7.560575917789330580e-01
-1.015724491029841969e+00 -8.067060649229151892e-01
-1.019117853278744157e+00 -8.575877243180460852e-01
-1.019963951640768807e+00 -9.085753923144911370e-01
-1.018260671310649457e+00 -9.595416262961324882e-01
-9.344818955157134788e-01 -1.001703426458302459e+00
-6.319870527416735495e-01 -1.000957244251677869e+00
-4.891808392909673397e-01 -1.003450985836700449e+00
-3.867192770317842698e-01 -1.002216440810731912e+00
-3.239581929620636847e-01 -1.003204114320865425e+00
-2.809370061872388802e-01 -1.005234968306886412e+00
-2.386161715512316872e-01 -1.003258523494349630e+00
-2.152220199201952122e-01 -1.006204906390764542e+00
-1.921745974904663645e-01 -1.007093062704254249e+00
-1.696200063420816029e-01 -1.005967228181698259e+00
-1.477006843211209342e-01 -1.002881037373621664e+00
-1.423741881445949875e-01 -1.010134420369689368e+00
-1.215038494620012954e-01 -1.004100021930427022e+00
-1.161491686720223931e-01 -1.010042585469435705e+00
-9.669115351847104578e-02 -1.001246337372111439e+00
-9.151010692090567888e-02 -1.005952349343109953e+00
-8.610033271358041862e-02 -1.010393535619666938e+00
-8.047535251465759432e-02 -1.014558795549017178e+00
-6.398505072445852260e-02 -1.001518044129053653e+00
-5.883129856088394755e-02 -1.004589092689630814e+00
-5.353049878965512876e-02 -1.007398722987429940e+00
-4.809590064959706063e-02 -1.009939912409934415e+00
-4.254108780577573606e-02 -1.012206309307013941e+00
-3.687994439741031777e-02 -1.014192248866742085e+00
-3.112662033475513054e-02 -1.015892767274476638e+00
-2.529549593169356375e-02 -1.017303614119811739e+00
-1.940114596244238085e-02 -1.018421263020388601e+00
-1.345830323220647932e-02 -1.019242920436015609e+00
-7.481821752838998217e-03 -1.019766532651065427e+00
-1.486639615546867053e-03 -1.019990790907692180e+00
4.512258346557187355e-03 -1.019915134677045199e+00
1.049987801273367591e-02 -1.019539753060300979e+00
1.646125345210898080e-02 -1.018865584316005712e+00
2.238148433070908522e-02 -1.017894313514920102e+00
2.824577315453414422e-02 -1.016628368328218457e+00
3.403946225558715510e-02 -1.015070912959576521e+00
3.974807042841055349e-02 -1.013225840236308795e+00
4.535732912555773266e-02 -1.011097761879327761e+00
5.085321812153139470e-02 -1.008691996976244454e+00
5.622200055604525265e-02 -1.006014558686418203e+00
6.145025726902088314e-02 -1.003072139211191205e+00
7.761240706508261422e-02 -1.016517441911346076e+00
8.333885671840494946e-02 -1.012492821819301669e+00
8.885700263196882887e-02 -1.008187028257838236e+00
9.415305231478522663e-02 -1.003610823468445323e+00
1.133871638866016107e-01 -1.012886452091262823e+00
1.188874305546256810e-01 -1.007078377164201788e+00
1.240905405616400253e-01 -1.001002662059571113e+00
1.451064249476488321e-01 -1.006508804513581490e+00
1.669425569678319732e-01 -1.010137108519527871e+00
1.722384834323041902e-01 -1.001655815499851609e+00
1.948142937270902209e-01 -1.002212479471026985e+00
2.178319869836191913e-01 -1.000743364281565961e+00
2.596939606083300545e-01 -1.004685466152466011e+00
3.024017181869528281e-01 -1.004657540758317591e+00
3.456613031941318526e-01 -1.000589579351613301e+00
4.280915224506347538e-01 -1.001674226851731131e+00
5.506303255278478526e-01 -1.002011002392372285e+00
7.532693940720363024e-01 -1.000921850727910956e+00
1.016472938963681738e+00 -9.847511908738488806e-01
1.019438406588990320e+00 -9.338428008785086831e-01
1.010000000000000009e+00 2.999999999999999889e-01
1.009950010415798571e+00 3.019991667708271099e-01
1.009800166611120931e+00 3.039933366658730818e-01
1.009550843117441588e+00 3.059775252989440086e-01
1.009202663113649701e+00 3.079467732318024731e-01
1.008756496868425723e+00 3.098961583701808631e-01
1.008213459565024284e+00 3.118208082664535863e-01
1.007574908513895195e+00 3.137159122982179915e-01
1.006842439760115449e+00 3.155767336923460120e-01
1.006017884094106973e+00 3.173986213644492405e-01
1.005103302475614857e+00 3.191770215441681047e-01
1.004100980882380201e+00 3.209074891572263888e-01
1.003013424596387093e+00 3.225856989358014126e-01
1.001843351941962279e+00 3.242074562294415263e-01
1.000593687491379447e+00 3.257687074895076473e-01
1.013901332132429278e+00 3.408983256014000429e-01
1.011802402560829872e+00 3.430413654539714030e-01
1.009598988753098947e+00 3.450768243084175180e-01
1.007296598096239837e+00 3.469996145776489405e-01
1.004900985367833011e+00 3.488049302873624802e-01
1.002418138352088262e+00 3.504882590884737525e-01
1.009805683831338063e+00 3.693938580475212841e-01
1.006287689714046030e+00 3.712965888049148400e-01
1.002678995270732676e+00 3.730211152208417480e-01
1.006235775447667180e+00 3.932039085967226066e-01
1.001532236239526918e+00 3.948984619355586090e-01
1.002099859434950169e+00 4.156269822500631705e-01
1.000660936193025874e+00 4.366012700957321302e-01
1.000594085722043225e+00 4.773809513979229147e-01
1.001330720035514821e+00 5.581053776697730839e-01
1.001124368733789405e+00 7.388977941057838228e-01
9.849722760182280101e-01 1.019844310216336147e+00
9.489763439430729530e-01 1.019692994189882684e+00
9.130329600591522432e-01 1.017742820486821742e+00
8.772319641072205965e-01 1.013998663525777832e+00
8.416628399323637932e-01 1.008469881749235242e+00
8.064144918209785740e-01 1.001170294232299751e+00
8.983465358256262911e-01 5.499315527735780806e-01
8.988762952900288816e-01 5.081860192912314167e-01
8.959638337297428645e-01 4.857919430007737183e-01
8.950935694215141902e-01 4.636735368286225567e-01
8.962283693797259421e-01 4.419779789813402249e-01
8.993215453560196027e-01 4.208493113308422462e-01
8.933699268327622844e-01 4.171658307117898090e-01
8.993798659293583686e-01 3.970195684583506801e-01
8.946191652732713440e-01 3.933687836265505333e-01
8.900468774464207478e-01 3.894846254612063796e-01
8.997286923226446298e-01 3.711473352790845004e-01
8.962606284458753958e-01 3.675463180551150066e-01
8.929768745952689768e-01 3.637764702134502759e-01
8.898856384453065482e-01 3.598472144103956327e-01
8.869946464764779659e-01 3.557683717391416089e-01
8.843111246631054634e-01 3.515501371821463938e-01
8.994734243297368703e-01 3.377624433031906626e-01
8.976742286386352188e-01 3.341903904187064067e-01
8.960558097094029062e-01 3.305328793641865714e-01
8.946222127465073282e-01 3.267990520124723353e-01
8.933770209957525577e-01 3.229982409874035953e-01
8.923233467880329339e-01 3.191399463371184519e-01
8.914638237601237858e-01 3.152338117888821567e-01
8.908006002719643934e-01 3.112896006447893327e-01
8.903353340368751478e-01 3.073171713785948778e-01
8.900691879781377214e-01 3.033264529946632648e-01
-9.965365301914951707e-03 2.917608975801948001e-01
-8.328880278859258912e-03 2.427933394409709511e-01
-2.412967608054628066e-02 1.918048654698916444e-01
-3.722936530704283598e-02 1.390993919738857665e-01
-6.706337929685088350e-02 8.068391002619598740e-02
-1.321499395405847932e-01 8.683143689411556426e-03
-1.011861886356152818e+00 -3.313663464335329101e-01
-1.015288177056490326e+00 -4.436604427019936736e-01
-1.012349732887158238e+00 -5.578400413376737310e-01
-1.002868515935124716e+00 -6.735449752486757369e-01
-1.004157228765700127e+00 -8.001378259618822097e-01
-1.014554074202354883e+00 -9.398165697258722417e-01
-1.787831002753860754e-01 -5.001858462392815285e-01
-1.057160882036054239e-01 -5.321267316820975646e-01
-1.083466639752600491e-01 -6.238876946325374595e-01
-4.092713779802644170e-01 -1.006755702449549927e+00
-2.731719738089132266e-01 -1.001738623355720614e+00
-1.542670278854139654e-01 -1.001700291929637388e+00
-5.090394503245438546e-02 -1.008951922347481878e+00
5.028168554676896995e-02 -1.009243377703055833e+00
5.114404698080451395e-01 -4.275459829248842158e-01
5.679861265006268534e-01 -4.146921333791422359e-01
6.131300080689652265e-01 -4.159914865828668873e-01
6.573766457776201166e-01 -4.146094306645749517e-01
6.934829292624579145e-01 -4.293410104955904805e-01
7.241337040172626249e-01 -4.612816591116128406e-01
7.573014277125067473e-01 -4.919339097089241442e-01
7.887156124895294829e-01 -5.406759011919832769e-01
7.565873944131364937e-01 -1.002633893224273320e+00
8.219586644457268498e-01 -1.011672124796172412e+00
8.876999607187714414e-01 -1.017431859161720409e+00
9.536469642289822080e-01 -1.019898699984612689e+00
1.000081722310382171e+00 -4.994342311803026124e-01
1.001499634038201636e+00 -5.861925918090264698e-02
1.000178964662199244e+00 8.207976208732309376e-02
1.003572226496063591e+00 1.231585297276202029e-01
1.002953402013623263e+00 1.639335702837450837e-01
1.004039462255586823e+00 1.849290870404233789e-01
1.003123392023675509e+00 2.056451331364093360e-01
1.000238219417038499e+00 2.259348254137814038e-01
1.003902145414354186e+00 2.275386686825036087e-01
1.007481333704030257e+00 2.293236275423877202e-01
1.000725128634510463e+00 2.484639303944044808e-01
1.003262460170749826e+00 2.500639534665660135e-01
1.005716652879316220e+00 2.517887906488706640e-01
1.008081572556557948e+00 2.536341307466407069e-01
1.010351308134908033e+00 2.555953613706662408e-01
1.012520186457475546e+00 2.576675804657764801e-01
1.014582786457984609e+00 2.598456085634243684e-01
1.001022635140409900e+00 2.747493344851071329e-01
1.002245872210588695e+00 2.763313767747596628e-01
1.003388511393566329e+00 2.779725782960945080e-01
1.004447696686460834e+00 2.796688369000296936e-01
1.005420780677652726e+00 2.814159128234497431e-01
1.006305331163936501e+00 2.832094392864056842e-01
1.007099137229761299e+00 2.850449334067905460e-01
1.007800214773369119e+00 2.869178074052103899e-01
1.008406811466014519e+00 2.888233800720429456e-01
1.008917411131875941e+00 2.907568884680243326e-01
1.009330737537703415e+00 2.927134998291161527e-01
1.009645757582738668e+00 2.946883236458993083e-01
1.009861683880928673e+00 2.966764238873001447e-01
1.009977976728980043e+00 2.986728313380976885e-01
